==== Train Dataset Info ===

Subgraph: prostate_subgraph_p3

Found 444 nodes to classify which contain 4 different classes:
0)	111	x	GP5 mimicker
1)	111	x	GP4 mimicker
2)	111	x	adenocarcinoma (GP3-5)
3)	111	x	GP3 mimicker

Reports labeled with "GP5 mimicker":
68775
69450
69548
70002
70038
70079
70148
70155
70189
70212
70264
70297
70537
70539
70566
70600
70610
70641
70652
70663
70674
70685
70761
70771
70815
70826
70845
70873
70925
70932
71021
71030
71034
71036
71039
71045
71109
71122
71261
71293
71362
71376
71399
71435
71440
71446
71454
71462
71471
71477
71486
71525
71555
71562
71751
71789
71909
71971
72101
72153
72171
72177
72202
72251
72356
72433
72491
72512
72519
72535
72555
72567
72600
72681
72703
72712
72724
72760
72773
72822
72828
72887
73001
73008
73023
73127
73172
73198
73226
73227
73241
73254
73375
73505
73518
73522
73534
73564
73597
73616
73633
73647
73653
73752
73872
73936
74019
74080
74503
74554
74560

Reports labeled with "GP4 mimicker":
53248
53259
53275
53280
53307
53308
53310
53312
53313
53321
53322
53329
53335
53339
53340
53357
53378
53380
53385
53386
53389
53402
53404
53412
53413
53415
53417
53418
53429
53430
53440
53441
53443
53444
53445
53450
53452
53453
53454
53455
53457
53458
53459
53460
55091
56825
56855
56969
57040
57276
57603
58230
58236
58645
58828
59093
60067
61494
61507
61554
61658
61663
61714
62327
62382
62853
62858
63069
63641
63704
63970
64163
65156
65372
65375
65607
65613
65722
65784
65827
65832
65930
65939
65954
65960
66460
66627
66714
66793
66946
66953
66970
66984
67075
67166
67180
67186
67223
67300
67483
67530
67606
67745
67766
67898
67899
68406
68435
68552
68663
68765

Reports labeled with "adenocarcinoma (GP3-5)":
40076
40193
40259
40268
40380
40387
40404
40408
40498
40631
40659
40742
40774
40791
40908
40996
41005
41055
41064
41104
41173
41229
41243
41296
41360
41405
41425
41429
41453
41524
41553
41603
41604
43556
43622
43647
43651
43714
43744
43746
43754
43759
43763
43779
43787
43838
43846
43960
43980
44012
44031
44067
44265
44550
44558
44665
44680
44699
44706
44707
44708
44711
44744
44749
44761
44769
44777
44787
44798
44810
44827
44843
44845
44890
44891
44895
44903
44924
44928
44935
44936
44968
45019
45023
45043
45056
45060
45113
45235
45240
45366
45397
45399
45401
45416
52024
52046
52051
52063
52241
52265
52278
52291
52330
52336
52365
52370
52371
52376
52382
52386

Reports labeled with "GP3 mimicker":
52454
52575
52633
52673
52682
52688
52700
52701
52706
52727
52728
52732
52735
52737
52745
52755
52770
52771
52774
52777
52786
52793
52796
52797
52805
52824
52834
52845
52853
52855
52866
52876
52891
52892
52893
52899
52901
52902
52904
52907
52908
52910
52915
52921
52923
52924
52925
52928
52931
52938
52947
52948
52951
52954
52957
52972
52978
52979
52981
52982
52984
52985
52986
52993
52995
53005
53007
53008
53010
53011
53013
53016
53018
53022
53023
53025
53029
53031
53041
53052
53059
53061
53066
53069
53071
53078
53083
53133
53141
53142
53145
53163
53167
53169
53173
53174
53175
53176
53177
53187
53189
53191
53192
53194
53202
53206
53212
53226
53229
53237
53243

